124567890124567890124567890124567890124567890124567890124567890124567890
124567890124567890124567890124567890124567890124567890124567890124567890
124567890124567890124567890124567890124567890124567890124567890124567890
124567890124567890124567890124567890124567890124567890124567890124567890
124567890124567890124567890124567890124567890124567890124567890124567890
124567890124567890124567890124567890124567890124567890124567890124567890
124567890124567890124567890124567890124567890124567890124567890124567890
124567890124567890124567890124567890124567890124567890124567890124567890
124567890124567890124567890124567890124567890124567890124567890124567890
124567890124567890124567890124567890124567890124567890124567890124567890
124567890124567890124567890124567890124567890124567890124567890124567890
124567890124567890124567890124567890124567890124567890124567890124567890
124567890124567890124567890124567890124567890124567890124567890124567890
124567890124567890124567890124567890124567890124567890124567890124567890
124567890124567890124567890124567890124567890124567890124567890124567890
124567890124567890124567890124567890124567890124567890124567890124567890
124567890124567890124567890124567890124567890124567890124567890124567890
124567890124567890124567890124567890124567890124567890124567890124567890
124567890124567890124567890124567890124567890124567890124567890124567890
124567890124567890124567890124567890124567890124567890124567890124567890
124567890124567890124567890124567890124567890124567890124567890124567890
124567890124567890124567890124567890124567890124567890124567890124567890
124567890124567890124567890124567890124567890124567890124567890124567890
124567890124567890124567890124567890124567890124567890124567890124567890
124567890124567890124567890124567890124567890124567890124567890124567890
124567890124567890124567890124567890124567890124567890124567890124567890
124567890124567890124567890124567890124567890124567890124567890124567890
124567890124567890124567890124567890124567890124567890124567890124567890
124567890124567890124567890124567890124567890124567890124567890124567890
